4
389135
0
0
erase 6,372526,818688,819714,851456,852481,874265
new 4,0,503,724,1245
new 2,1245,2269
new 2,2269,3293
new 2,3293,4317
new 2,4317,5341
new 2,5341,6365
new 2,6365,7389
new 2,7389,8413
new 2,8413,9437
new 2,9437,10461
new 2,10461,11485
new 2,11485,12509
new 2,12509,13533
new 2,13533,14557
new 2,14557,15581
new 2,15581,16605
new 2,16605,17629
new 2,17629,18653
new 2,18653,19677
new 2,19677,20701
new 2,20701,21725
new 2,21725,22749
new 2,22749,23773
new 2,23773,24797
new 2,24797,25821
new 2,25821,26845
new 2,26845,27869
new 2,27869,28893
new 2,28893,29917
new 2,29917,30941
new 2,30941,31965
new 6,31965,32770,32983,32984,33492,33710
new 2,33710,34734
new 2,34734,35758
new 2,35758,36782
new 2,36782,37806
new 2,37806,38830
new 2,38830,39854
new 2,39854,40878
new 2,40878,41902
new 2,41902,42926
new 2,42926,43950
new 2,43950,44974
new 2,44974,45998
new 2,45998,47022
new 2,47022,48046
new 2,48046,49070
new 2,49070,50094
new 2,50094,51118
new 2,51118,52142
new 2,52142,53166
new 2,53166,54190
new 2,54190,55214
new 2,55214,56238
new 2,56238,57262
new 2,57262,58286
new 2,58286,59310
new 2,59310,60334
new 2,60334,61358
new 2,61358,62382
new 2,62382,63406
new 2,63406,64430
new 2,64430,65454
new 4,65454,65537,66045,66986
new 2,66986,68010
new 2,68010,69034
new 2,69034,70058
new 2,70058,71082
new 2,71082,72106
new 2,72106,73130
new 2,73130,74154
new 2,74154,75178
new 2,75178,76202
new 2,76202,77226
new 2,77226,78250
new 2,78250,79274
new 2,79274,80298
new 2,80298,81322
new 2,81322,82346
new 2,82346,83370
new 2,83370,84394
new 2,84394,85418
new 2,85418,86442
new 2,86442,87466
new 2,87466,88490
new 2,88490,89514
new 2,89514,90538
new 2,90538,91562
new 2,91562,92586
new 2,92586,93610
new 2,93610,94634
new 2,94634,95658
new 2,95658,96682
new 2,96682,97706
new 6,97706,98306,98519,98520,99028,99451
new 2,99451,100475
new 2,100475,101499
new 2,101499,102523
new 2,102523,103547
new 2,103547,104571
new 2,104571,105595
new 2,105595,106619
new 2,106619,107643
new 2,107643,108667
new 2,108667,109691
new 2,109691,110715
new 2,110715,111739
new 2,111739,112763
new 2,112763,113787
new 2,113787,114811
new 2,114811,115835
new 2,115835,116859
new 2,116859,117883
new 2,117883,118907
new 2,118907,119931
new 2,119931,120955
new 2,120955,121979
new 2,121979,123003
new 2,123003,124027
new 2,124027,125051
new 2,125051,126075
new 2,126075,127099
new 2,127099,128123
new 2,128123,129147
new 2,129147,130171
new 4,130171,131073,131581,131703
new 2,131703,132727
new 2,132727,133751
new 2,133751,134775
new 2,134775,135799
new 2,135799,136823
new 2,136823,137847
new 2,137847,138871
new 2,138871,139895
new 2,139895,140919
new 2,140919,141943
new 2,141943,142967
new 2,142967,143991
new 2,143991,145015
new 2,145015,146039
new 2,146039,147063
new 2,147063,148087
new 2,148087,149111
new 2,149111,150135
new 2,150135,151159
new 2,151159,152183
new 2,152183,153207
new 2,153207,154231
new 2,154231,155255
new 2,155255,156279
new 2,156279,157303
new 2,157303,158327
new 2,158327,159351
new 2,159351,160375
new 2,160375,161399
new 2,161399,162423
new 2,162423,163447
new 6,163447,163842,164055,164056,164564,165192
new 2,165192,166216
new 2,166216,167240
new 2,167240,168264
new 2,168264,169288
new 2,169288,170312
new 2,170312,171336
new 2,171336,172360
new 2,172360,173384
new 2,173384,174408
new 2,174408,175432
new 2,175432,176456
new 2,176456,177480
new 2,177480,178504
new 2,178504,179528
new 2,179528,180552
new 2,180552,181576
new 2,181576,182600
new 2,182600,183624
new 2,183624,184648
new 2,184648,185672
new 2,185672,186696
new 2,186696,187720
new 2,187720,188744
new 2,188744,189768
new 2,189768,190792
new 2,190792,191816
new 2,191816,192840
new 2,192840,193864
new 2,193864,194888
new 2,194888,195912
new 4,195912,196609,197117,197444
new 2,197444,198468
new 2,198468,199492
new 2,199492,200516
new 2,200516,201540
new 2,201540,202564
new 2,202564,203588
new 2,203588,204612
new 2,204612,205636
new 2,205636,206660
new 2,206660,207684
new 2,207684,208708
new 2,208708,209732
new 2,209732,210756
new 2,210756,211780
new 2,211780,212804
new 2,212804,213828
new 2,213828,214852
new 2,214852,215876
new 2,215876,216900
new 2,216900,217924
new 2,217924,218948
new 2,218948,219972
new 2,219972,220996
new 2,220996,222020
new 2,222020,223044
new 2,223044,224068
new 2,224068,225092
new 2,225092,226116
new 2,226116,227140
new 2,227140,228164
new 2,228164,229188
new 6,229188,229378,229591,229592,230100,230933
new 2,230933,231957
new 2,231957,232981
new 2,232981,234005
new 2,234005,235029
new 2,235029,236053
new 2,236053,237077
new 2,237077,238101
new 2,238101,239125
new 2,239125,240149
new 2,240149,241173
new 2,241173,242197
new 2,242197,243221
new 2,243221,244245
new 2,244245,245269
new 2,245269,246293
new 2,246293,247317
new 2,247317,248341
new 2,248341,249365
new 2,249365,250389
new 2,250389,251413
new 2,251413,252437
new 2,252437,253461
new 2,253461,254485
new 2,254485,255509
new 2,255509,256533
new 2,256533,257557
new 2,257557,258581
new 2,258581,259605
new 2,259605,260629
new 2,260629,261653
new 4,261653,262145,262653,263185
new 2,263185,264209
new 2,264209,265233
new 2,265233,266257
new 2,266257,267281
new 2,267281,268305
new 2,268305,269329
new 2,269329,270353
new 2,270353,271377
new 2,271377,272401
new 2,272401,273425
new 2,273425,274449
new 2,274449,275473
new 2,275473,276497
new 2,276497,277521
new 2,277521,278545
new 2,278545,279569
new 2,279569,280593
new 2,280593,281617
new 2,281617,282641
new 2,282641,283665
new 2,283665,284689
new 2,284689,285713
new 2,285713,286737
new 2,286737,287761
new 2,287761,288785
new 2,288785,289809
new 2,289809,290833
new 2,290833,291857
new 2,291857,292881
new 2,292881,293905
new 6,293905,294914,295127,295128,295636,295650
new 2,295650,296674
new 2,296674,297698
new 2,297698,298722
new 2,298722,299746
new 2,299746,300770
new 2,300770,301794
new 2,301794,302818
new 2,302818,303842
new 2,303842,304866
new 2,304866,305890
new 2,305890,306914
new 2,306914,307938
new 2,307938,308962
new 2,308962,309986
new 2,309986,311010
new 2,311010,312034
new 2,312034,313058
new 2,313058,314082
new 2,314082,315106
new 2,315106,316130
new 2,316130,317154
new 2,317154,318178
new 2,318178,319202
new 2,319202,320226
new 2,320226,321250
new 2,321250,322274
new 2,322274,323298
new 2,323298,324322
new 2,324322,325346
new 2,325346,326370
new 2,326370,327394
new 4,327394,327681,328189,328926
new 2,328926,329950
new 2,329950,330974
new 2,330974,331998
new 2,331998,333022
new 2,333022,334046
new 2,334046,335070
new 2,335070,336094
new 2,336094,337118
new 2,337118,338142
new 2,338142,339166
new 2,339166,340190
new 2,340190,341214
new 2,341214,342238
new 2,342238,343262
new 2,343262,344286
new 2,344286,345310
new 2,345310,346334
new 2,346334,347358
new 2,347358,348382
new 2,348382,349406
new 2,349406,350430
new 2,350430,351454
new 2,351454,352478
new 2,352478,353502
new 2,353502,354526
new 2,354526,355550
new 2,355550,356574
new 2,356574,357598
new 2,357598,358622
new 2,358622,359646
new 4,359646,360449,360957,361178
new 2,361178,362202
new 2,362202,363226
new 2,363226,364250
new 2,364250,365274
new 2,365274,366298
new 2,366298,367322
new 2,367322,368346
new 2,368346,369370
new 2,369370,370394
new 2,370394,371418
new 8,371418,372014,819200,819202,851968,851969,874777,875202
new 2,875202,876226
new 2,876226,877250
new 2,877250,878274
new 2,878274,879298
new 2,879298,880322
new 2,880322,881346
new 2,881346,882370
new 2,882370,883394
new 2,883394,884418
new 2,884418,885442
new 2,885442,886466
new 2,886466,887490
new 2,887490,888514
new 4,888514,888638,888822,888823
zero 8,503,724,32770,32983,32984,33492,65537,65619
zero 6,65619,66045,98306,98519,98520,98905
zero 8,98905,99028,131073,131581,163842,164055,164056,164236
zero 6,164236,164564,196609,197117,229378,229566
zero 6,229566,229591,229592,230100,262145,262636
zero 8,262636,262653,294914,295127,295128,295636,327681,327967
zero 6,327967,328189,360449,360957,372014,372308
zero 6,372308,372526,818688,819200,819202,819496
zero 6,819496,819714,851456,851968,851969,852263
zero 6,852263,852481,874265,874777,888638,888822
