4
139568
0
0
erase 10,126919,163328,164354,228864,229890,294400,295426,491008,492033,499341
new 4,0,271,615,1368
new 2,1368,2392
new 2,2392,3416
new 2,3416,4440
new 2,4440,5464
new 2,5464,6488
new 2,6488,7512
new 2,7512,8536
new 2,8536,9560
new 2,9560,10584
new 2,10584,11608
new 2,11608,12632
new 2,12632,13656
new 2,13656,14680
new 2,14680,15704
new 2,15704,16728
new 2,16728,17752
new 2,17752,18776
new 2,18776,19800
new 2,19800,20824
new 2,20824,21848
new 2,21848,22872
new 2,22872,23896
new 2,23896,24920
new 2,24920,25944
new 2,25944,26968
new 2,26968,27992
new 2,27992,29016
new 2,29016,30040
new 2,30040,31064
new 2,31064,32088
new 6,32088,32770,32892,32893,33383,33724
new 2,33724,34748
new 2,34748,35772
new 2,35772,36796
new 2,36796,37820
new 2,37820,38844
new 2,38844,39868
new 2,39868,40892
new 2,40892,41916
new 2,41916,42940
new 2,42940,43964
new 2,43964,44988
new 2,44988,46012
new 2,46012,47036
new 2,47036,48060
new 2,48060,49084
new 2,49084,50108
new 2,50108,51132
new 2,51132,52156
new 2,52156,53180
new 2,53180,54204
new 2,54204,55228
new 2,55228,56252
new 2,56252,57276
new 2,57276,58300
new 2,58300,59324
new 2,59324,60348
new 2,60348,61372
new 2,61372,62396
new 2,62396,63420
new 2,63420,64444
new 2,64444,65468
new 4,65468,65537,66027,66982
new 2,66982,68006
new 2,68006,69030
new 2,69030,70054
new 2,70054,71078
new 2,71078,72102
new 2,72102,73126
new 2,73126,74150
new 2,74150,75174
new 2,75174,76198
new 2,76198,77222
new 2,77222,78246
new 2,78246,79270
new 2,79270,80294
new 2,80294,81318
new 2,81318,82342
new 2,82342,83366
new 2,83366,84390
new 2,84390,85414
new 2,85414,86438
new 2,86438,87462
new 2,87462,88486
new 2,88486,89510
new 2,89510,90534
new 2,90534,91558
new 2,91558,92582
new 2,92582,93606
new 2,93606,94630
new 2,94630,95654
new 2,95654,96678
new 2,96678,97702
new 6,97702,98306,98428,98429,98919,99338
new 2,99338,100362
new 2,100362,101386
new 2,101386,102410
new 2,102410,103434
new 2,103434,104458
new 2,104458,105482
new 2,105482,106506
new 2,106506,107530
new 2,107530,108554
new 2,108554,109578
new 2,109578,110602
new 2,110602,111626
new 2,111626,112650
new 2,112650,113674
new 2,113674,114698
new 2,114698,115722
new 2,115722,116746
new 2,116746,117770
new 2,117770,118794
new 2,118794,119818
new 2,119818,120842
new 2,120842,121866
new 2,121866,122890
new 2,122890,123914
new 2,123914,124938
new 2,124938,125962
new 12,125962,126407,163840,163842,229376,229378,294912,294914,491520,491521,499853,500425
new 2,500425,501449
new 2,501449,502473
new 2,502473,503497
new 2,503497,504521
new 2,504521,505545
new 2,505545,506569
new 2,506569,507593
new 4,507593,507776,507886,507887
zero 8,271,615,32770,32892,32893,33383,65537,65605
zero 6,65605,66027,98306,98428,98429,98909
zero 6,98909,98919,126407,126919,163328,163830
zero 6,163830,163840,163842,164354,228864,229366
zero 6,229366,229376,229378,229890,294400,294902
zero 6,294902,294912,294914,295426,491008,491510
zero 6,491510,491520,491521,492033,499341,499843
zero 4,499843,499853,507776,507886
